{"cells":[{"metadata":{"_uuid":"8f2839f25d086af736a60e9eeb907d3b93b6e0e5","_cell_guid":"b1076dfc-b9ad-4769-8c92-a6c4dae69d19","trusted":true},"cell_type":"code","source":"import numpy as np\nimport matplotlib.pyplot as plt\nimport pandas as pd","execution_count":73,"outputs":[]},{"metadata":{"_uuid":"d629ff2d2480ee46fbb7e2d37f6b5fab8052498a","_cell_guid":"79c7e3d0-c299-4dcb-8224-4455121ee9b0","trusted":true},"cell_type":"code","source":"pd.options.display.max_rows = 1000\npd.options.display.max_columns=None\npd.set_option('display.max_colwidth',800)","execution_count":74,"outputs":[]},{"metadata":{"trusted":true},"cell_type":"code","source":"df=pd.read_csv('../input/kc-house-data/kc_house_data.csv')\ndf","execution_count":75,"outputs":[{"output_type":"execute_result","execution_count":75,"data":{"text/plain":"               id             date     price  bedrooms  bathrooms  \\\n0      7129300520  20141013T000000  221900.0         3       1.00   \n1      6414100192  20141209T000000  538000.0         3       2.25   \n2      5631500400  20150225T000000  180000.0         2       1.00   \n3      2487200875  20141209T000000  604000.0         4       3.00   \n4      1954400510  20150218T000000  510000.0         3       2.00   \n...           ...              ...       ...       ...        ...   \n21608   263000018  20140521T000000  360000.0         3       2.50   \n21609  6600060120  20150223T000000  400000.0         4       2.50   \n21610  1523300141  20140623T000000  402101.0         2       0.75   \n21611   291310100  20150116T000000  400000.0         3       2.50   \n21612  1523300157  20141015T000000  325000.0         2       0.75   \n\n       sqft_living  sqft_lot  floors  waterfront  view  condition  grade  \\\n0             1180      5650     1.0           0     0          3      7   \n1             2570      7242     2.0           0     0          3      7   \n2              770     10000     1.0           0     0          3      6   \n3             1960      5000     1.0           0     0          5      7   \n4             1680      8080     1.0           0     0          3      8   \n...            ...       ...     ...         ...   ...        ...    ...   \n21608         1530      1131     3.0           0     0          3      8   \n21609         2310      5813     2.0           0     0          3      8   \n21610         1020      1350     2.0           0     0          3      7   \n21611         1600      2388     2.0           0     0          3      8   \n21612         1020      1076     2.0           0     0          3      7   \n\n       sqft_above  sqft_basement  yr_built  yr_renovated  zipcode      lat  \\\n0          1180.0              0      1955             0    98178  47.5112   \n1          2170.0            400      1951          1991    98125  47.7210   \n2           770.0              0      1933             0    98028  47.7379   \n3          1050.0            910      1965             0    98136  47.5208   \n4          1680.0              0      1987             0    98074  47.6168   \n...           ...            ...       ...           ...      ...      ...   \n21608      1530.0              0      2009             0    98103  47.6993   \n21609      2310.0              0      2014             0    98146  47.5107   \n21610      1020.0              0      2009             0    98144  47.5944   \n21611      1600.0              0      2004             0    98027  47.5345   \n21612      1020.0              0      2008             0    98144  47.5941   \n\n          long  sqft_living15  sqft_lot15  \n0     -122.257           1340        5650  \n1     -122.319           1690        7639  \n2     -122.233           2720        8062  \n3     -122.393           1360        5000  \n4     -122.045           1800        7503  \n...        ...            ...         ...  \n21608 -122.346           1530        1509  \n21609 -122.362           1830        7200  \n21610 -122.299           1020        2007  \n21611 -122.069           1410        1287  \n21612 -122.299           1020        1357  \n\n[21613 rows x 21 columns]","text/html":"<div>\n<style scoped>\n    .dataframe tbody tr th:only-of-type {\n        vertical-align: middle;\n    }\n\n    .dataframe tbody tr th {\n        vertical-align: top;\n    }\n\n    .dataframe thead th {\n        text-align: right;\n    }\n</style>\n<table border=\"1\" class=\"dataframe\">\n  <thead>\n    <tr style=\"text-align: right;\">\n      <th></th>\n      <th>id</th>\n      <th>date</th>\n      <th>price</th>\n      <th>bedrooms</th>\n      <th>bathrooms</th>\n      <th>sqft_living</th>\n      <th>sqft_lot</th>\n      <th>floors</th>\n      <th>waterfront</th>\n      <th>view</th>\n      <th>condition</th>\n      <th>grade</th>\n      <th>sqft_above</th>\n      <th>sqft_basement</th>\n      <th>yr_built</th>\n      <th>yr_renovated</th>\n      <th>zipcode</th>\n      <th>lat</th>\n      <th>long</th>\n      <th>sqft_living15</th>\n      <th>sqft_lot15</th>\n    </tr>\n  </thead>\n  <tbody>\n    <tr>\n      <th>0</th>\n      <td>7129300520</td>\n      <td>20141013T000000</td>\n      <td>221900.0</td>\n      <td>3</td>\n      <td>1.00</td>\n      <td>1180</td>\n      <td>5650</td>\n      <td>1.0</td>\n      <td>0</td>\n      <td>0</td>\n      <td>3</td>\n      <td>7</td>\n      <td>1180.0</td>\n      <td>0</td>\n      <td>1955</td>\n      <td>0</td>\n      <td>98178</td>\n      <td>47.5112</td>\n      <td>-122.257</td>\n      <td>1340</td>\n      <td>5650</td>\n    </tr>\n    <tr>\n      <th>1</th>\n      <td>6414100192</td>\n      <td>20141209T000000</td>\n      <td>538000.0</td>\n      <td>3</td>\n      <td>2.25</td>\n      <td>2570</td>\n      <td>7242</td>\n      <td>2.0</td>\n      <td>0</td>\n      <td>0</td>\n      <td>3</td>\n      <td>7</td>\n      <td>2170.0</td>\n      <td>400</td>\n      <td>1951</td>\n      <td>1991</td>\n      <td>98125</td>\n      <td>47.7210</td>\n      <td>-122.319</td>\n      <td>1690</td>\n      <td>7639</td>\n    </tr>\n    <tr>\n      <th>2</th>\n      <td>5631500400</td>\n      <td>20150225T000000</td>\n      <td>180000.0</td>\n      <td>2</td>\n      <td>1.00</td>\n      <td>770</td>\n      <td>10000</td>\n      <td>1.0</td>\n      <td>0</td>\n      <td>0</td>\n      <td>3</td>\n      <td>6</td>\n      <td>770.0</td>\n      <td>0</td>\n      <td>1933</td>\n      <td>0</td>\n      <td>98028</td>\n      <td>47.7379</td>\n      <td>-122.233</td>\n      <td>2720</td>\n      <td>8062</td>\n    </tr>\n    <tr>\n      <th>3</th>\n      <td>2487200875</td>\n      <td>20141209T000000</td>\n      <td>604000.0</td>\n      <td>4</td>\n      <td>3.00</td>\n      <td>1960</td>\n      <td>5000</td>\n      <td>1.0</td>\n      <td>0</td>\n      <td>0</td>\n      <td>5</td>\n      <td>7</td>\n      <td>1050.0</td>\n      <td>910</td>\n      <td>1965</td>\n      <td>0</td>\n      <td>98136</td>\n      <td>47.5208</td>\n      <td>-122.393</td>\n      <td>1360</td>\n      <td>5000</td>\n    </tr>\n    <tr>\n      <th>4</th>\n      <td>1954400510</td>\n      <td>20150218T000000</td>\n      <td>510000.0</td>\n      <td>3</td>\n      <td>2.00</td>\n      <td>1680</td>\n      <td>8080</td>\n      <td>1.0</td>\n      <td>0</td>\n      <td>0</td>\n      <td>3</td>\n      <td>8</td>\n      <td>1680.0</td>\n      <td>0</td>\n      <td>1987</td>\n      <td>0</td>\n      <td>98074</td>\n      <td>47.6168</td>\n      <td>-122.045</td>\n      <td>1800</td>\n      <td>7503</td>\n    </tr>\n    <tr>\n      <th>...</th>\n      <td>...</td>\n      <td>...</td>\n      <td>...</td>\n      <td>...</td>\n      <td>...</td>\n      <td>...</td>\n      <td>...</td>\n      <td>...</td>\n      <td>...</td>\n      <td>...</td>\n      <td>...</td>\n      <td>...</td>\n      <td>...</td>\n      <td>...</td>\n      <td>...</td>\n      <td>...</td>\n      <td>...</td>\n      <td>...</td>\n      <td>...</td>\n      <td>...</td>\n      <td>...</td>\n    </tr>\n    <tr>\n      <th>21608</th>\n      <td>263000018</td>\n      <td>20140521T000000</td>\n      <td>360000.0</td>\n      <td>3</td>\n      <td>2.50</td>\n      <td>1530</td>\n      <td>1131</td>\n      <td>3.0</td>\n      <td>0</td>\n      <td>0</td>\n      <td>3</td>\n      <td>8</td>\n      <td>1530.0</td>\n      <td>0</td>\n      <td>2009</td>\n      <td>0</td>\n      <td>98103</td>\n      <td>47.6993</td>\n      <td>-122.346</td>\n      <td>1530</td>\n      <td>1509</td>\n    </tr>\n    <tr>\n      <th>21609</th>\n      <td>6600060120</td>\n      <td>20150223T000000</td>\n      <td>400000.0</td>\n      <td>4</td>\n      <td>2.50</td>\n      <td>2310</td>\n      <td>5813</td>\n      <td>2.0</td>\n      <td>0</td>\n      <td>0</td>\n      <td>3</td>\n      <td>8</td>\n      <td>2310.0</td>\n      <td>0</td>\n      <td>2014</td>\n      <td>0</td>\n      <td>98146</td>\n      <td>47.5107</td>\n      <td>-122.362</td>\n      <td>1830</td>\n      <td>7200</td>\n    </tr>\n    <tr>\n      <th>21610</th>\n      <td>1523300141</td>\n      <td>20140623T000000</td>\n      <td>402101.0</td>\n      <td>2</td>\n      <td>0.75</td>\n      <td>1020</td>\n      <td>1350</td>\n      <td>2.0</td>\n      <td>0</td>\n      <td>0</td>\n      <td>3</td>\n      <td>7</td>\n      <td>1020.0</td>\n      <td>0</td>\n      <td>2009</td>\n      <td>0</td>\n      <td>98144</td>\n      <td>47.5944</td>\n      <td>-122.299</td>\n      <td>1020</td>\n      <td>2007</td>\n    </tr>\n    <tr>\n      <th>21611</th>\n      <td>291310100</td>\n      <td>20150116T000000</td>\n      <td>400000.0</td>\n      <td>3</td>\n      <td>2.50</td>\n      <td>1600</td>\n      <td>2388</td>\n      <td>2.0</td>\n      <td>0</td>\n      <td>0</td>\n      <td>3</td>\n      <td>8</td>\n      <td>1600.0</td>\n      <td>0</td>\n      <td>2004</td>\n      <td>0</td>\n      <td>98027</td>\n      <td>47.5345</td>\n      <td>-122.069</td>\n      <td>1410</td>\n      <td>1287</td>\n    </tr>\n    <tr>\n      <th>21612</th>\n      <td>1523300157</td>\n      <td>20141015T000000</td>\n      <td>325000.0</td>\n      <td>2</td>\n      <td>0.75</td>\n      <td>1020</td>\n      <td>1076</td>\n      <td>2.0</td>\n      <td>0</td>\n      <td>0</td>\n      <td>3</td>\n      <td>7</td>\n      <td>1020.0</td>\n      <td>0</td>\n      <td>2008</td>\n      <td>0</td>\n      <td>98144</td>\n      <td>47.5941</td>\n      <td>-122.299</td>\n      <td>1020</td>\n      <td>1357</td>\n    </tr>\n  </tbody>\n</table>\n<p>21613 rows × 21 columns</p>\n</div>"},"metadata":{}}]},{"metadata":{"trusted":true},"cell_type":"code","source":"df=df.drop([\"id\",\"date\", ], axis=1)\ndf","execution_count":76,"outputs":[{"output_type":"execute_result","execution_count":76,"data":{"text/plain":"          price  bedrooms  bathrooms  sqft_living  sqft_lot  floors  \\\n0      221900.0         3       1.00         1180      5650     1.0   \n1      538000.0         3       2.25         2570      7242     2.0   \n2      180000.0         2       1.00          770     10000     1.0   \n3      604000.0         4       3.00         1960      5000     1.0   \n4      510000.0         3       2.00         1680      8080     1.0   \n...         ...       ...        ...          ...       ...     ...   \n21608  360000.0         3       2.50         1530      1131     3.0   \n21609  400000.0         4       2.50         2310      5813     2.0   \n21610  402101.0         2       0.75         1020      1350     2.0   \n21611  400000.0         3       2.50         1600      2388     2.0   \n21612  325000.0         2       0.75         1020      1076     2.0   \n\n       waterfront  view  condition  grade  sqft_above  sqft_basement  \\\n0               0     0          3      7      1180.0              0   \n1               0     0          3      7      2170.0            400   \n2               0     0          3      6       770.0              0   \n3               0     0          5      7      1050.0            910   \n4               0     0          3      8      1680.0              0   \n...           ...   ...        ...    ...         ...            ...   \n21608           0     0          3      8      1530.0              0   \n21609           0     0          3      8      2310.0              0   \n21610           0     0          3      7      1020.0              0   \n21611           0     0          3      8      1600.0              0   \n21612           0     0          3      7      1020.0              0   \n\n       yr_built  yr_renovated  zipcode      lat     long  sqft_living15  \\\n0          1955             0    98178  47.5112 -122.257           1340   \n1          1951          1991    98125  47.7210 -122.319           1690   \n2          1933             0    98028  47.7379 -122.233           2720   \n3          1965             0    98136  47.5208 -122.393           1360   \n4          1987             0    98074  47.6168 -122.045           1800   \n...         ...           ...      ...      ...      ...            ...   \n21608      2009             0    98103  47.6993 -122.346           1530   \n21609      2014             0    98146  47.5107 -122.362           1830   \n21610      2009             0    98144  47.5944 -122.299           1020   \n21611      2004             0    98027  47.5345 -122.069           1410   \n21612      2008             0    98144  47.5941 -122.299           1020   \n\n       sqft_lot15  \n0            5650  \n1            7639  \n2            8062  \n3            5000  \n4            7503  \n...           ...  \n21608        1509  \n21609        7200  \n21610        2007  \n21611        1287  \n21612        1357  \n\n[21613 rows x 19 columns]","text/html":"<div>\n<style scoped>\n    .dataframe tbody tr th:only-of-type {\n        vertical-align: middle;\n    }\n\n    .dataframe tbody tr th {\n        vertical-align: top;\n    }\n\n    .dataframe thead th {\n        text-align: right;\n    }\n</style>\n<table border=\"1\" class=\"dataframe\">\n  <thead>\n    <tr style=\"text-align: right;\">\n      <th></th>\n      <th>price</th>\n      <th>bedrooms</th>\n      <th>bathrooms</th>\n      <th>sqft_living</th>\n      <th>sqft_lot</th>\n      <th>floors</th>\n      <th>waterfront</th>\n      <th>view</th>\n      <th>condition</th>\n      <th>grade</th>\n      <th>sqft_above</th>\n      <th>sqft_basement</th>\n      <th>yr_built</th>\n      <th>yr_renovated</th>\n      <th>zipcode</th>\n      <th>lat</th>\n      <th>long</th>\n      <th>sqft_living15</th>\n      <th>sqft_lot15</th>\n    </tr>\n  </thead>\n  <tbody>\n    <tr>\n      <th>0</th>\n      <td>221900.0</td>\n      <td>3</td>\n      <td>1.00</td>\n      <td>1180</td>\n      <td>5650</td>\n      <td>1.0</td>\n      <td>0</td>\n      <td>0</td>\n      <td>3</td>\n      <td>7</td>\n      <td>1180.0</td>\n      <td>0</td>\n      <td>1955</td>\n      <td>0</td>\n      <td>98178</td>\n      <td>47.5112</td>\n      <td>-122.257</td>\n      <td>1340</td>\n      <td>5650</td>\n    </tr>\n    <tr>\n      <th>1</th>\n      <td>538000.0</td>\n      <td>3</td>\n      <td>2.25</td>\n      <td>2570</td>\n      <td>7242</td>\n      <td>2.0</td>\n      <td>0</td>\n      <td>0</td>\n      <td>3</td>\n      <td>7</td>\n      <td>2170.0</td>\n      <td>400</td>\n      <td>1951</td>\n      <td>1991</td>\n      <td>98125</td>\n      <td>47.7210</td>\n      <td>-122.319</td>\n      <td>1690</td>\n      <td>7639</td>\n    </tr>\n    <tr>\n      <th>2</th>\n      <td>180000.0</td>\n      <td>2</td>\n      <td>1.00</td>\n      <td>770</td>\n      <td>10000</td>\n      <td>1.0</td>\n      <td>0</td>\n      <td>0</td>\n      <td>3</td>\n      <td>6</td>\n      <td>770.0</td>\n      <td>0</td>\n      <td>1933</td>\n      <td>0</td>\n      <td>98028</td>\n      <td>47.7379</td>\n      <td>-122.233</td>\n      <td>2720</td>\n      <td>8062</td>\n    </tr>\n    <tr>\n      <th>3</th>\n      <td>604000.0</td>\n      <td>4</td>\n      <td>3.00</td>\n      <td>1960</td>\n      <td>5000</td>\n      <td>1.0</td>\n      <td>0</td>\n      <td>0</td>\n      <td>5</td>\n      <td>7</td>\n      <td>1050.0</td>\n      <td>910</td>\n      <td>1965</td>\n      <td>0</td>\n      <td>98136</td>\n      <td>47.5208</td>\n      <td>-122.393</td>\n      <td>1360</td>\n      <td>5000</td>\n    </tr>\n    <tr>\n      <th>4</th>\n      <td>510000.0</td>\n      <td>3</td>\n      <td>2.00</td>\n      <td>1680</td>\n      <td>8080</td>\n      <td>1.0</td>\n      <td>0</td>\n      <td>0</td>\n      <td>3</td>\n      <td>8</td>\n      <td>1680.0</td>\n      <td>0</td>\n      <td>1987</td>\n      <td>0</td>\n      <td>98074</td>\n      <td>47.6168</td>\n      <td>-122.045</td>\n      <td>1800</td>\n      <td>7503</td>\n    </tr>\n    <tr>\n      <th>...</th>\n      <td>...</td>\n      <td>...</td>\n      <td>...</td>\n      <td>...</td>\n      <td>...</td>\n      <td>...</td>\n      <td>...</td>\n      <td>...</td>\n      <td>...</td>\n      <td>...</td>\n      <td>...</td>\n      <td>...</td>\n      <td>...</td>\n      <td>...</td>\n      <td>...</td>\n      <td>...</td>\n      <td>...</td>\n      <td>...</td>\n      <td>...</td>\n    </tr>\n    <tr>\n      <th>21608</th>\n      <td>360000.0</td>\n      <td>3</td>\n      <td>2.50</td>\n      <td>1530</td>\n      <td>1131</td>\n      <td>3.0</td>\n      <td>0</td>\n      <td>0</td>\n      <td>3</td>\n      <td>8</td>\n      <td>1530.0</td>\n      <td>0</td>\n      <td>2009</td>\n      <td>0</td>\n      <td>98103</td>\n      <td>47.6993</td>\n      <td>-122.346</td>\n      <td>1530</td>\n      <td>1509</td>\n    </tr>\n    <tr>\n      <th>21609</th>\n      <td>400000.0</td>\n      <td>4</td>\n      <td>2.50</td>\n      <td>2310</td>\n      <td>5813</td>\n      <td>2.0</td>\n      <td>0</td>\n      <td>0</td>\n      <td>3</td>\n      <td>8</td>\n      <td>2310.0</td>\n      <td>0</td>\n      <td>2014</td>\n      <td>0</td>\n      <td>98146</td>\n      <td>47.5107</td>\n      <td>-122.362</td>\n      <td>1830</td>\n      <td>7200</td>\n    </tr>\n    <tr>\n      <th>21610</th>\n      <td>402101.0</td>\n      <td>2</td>\n      <td>0.75</td>\n      <td>1020</td>\n      <td>1350</td>\n      <td>2.0</td>\n      <td>0</td>\n      <td>0</td>\n      <td>3</td>\n      <td>7</td>\n      <td>1020.0</td>\n      <td>0</td>\n      <td>2009</td>\n      <td>0</td>\n      <td>98144</td>\n      <td>47.5944</td>\n      <td>-122.299</td>\n      <td>1020</td>\n      <td>2007</td>\n    </tr>\n    <tr>\n      <th>21611</th>\n      <td>400000.0</td>\n      <td>3</td>\n      <td>2.50</td>\n      <td>1600</td>\n      <td>2388</td>\n      <td>2.0</td>\n      <td>0</td>\n      <td>0</td>\n      <td>3</td>\n      <td>8</td>\n      <td>1600.0</td>\n      <td>0</td>\n      <td>2004</td>\n      <td>0</td>\n      <td>98027</td>\n      <td>47.5345</td>\n      <td>-122.069</td>\n      <td>1410</td>\n      <td>1287</td>\n    </tr>\n    <tr>\n      <th>21612</th>\n      <td>325000.0</td>\n      <td>2</td>\n      <td>0.75</td>\n      <td>1020</td>\n      <td>1076</td>\n      <td>2.0</td>\n      <td>0</td>\n      <td>0</td>\n      <td>3</td>\n      <td>7</td>\n      <td>1020.0</td>\n      <td>0</td>\n      <td>2008</td>\n      <td>0</td>\n      <td>98144</td>\n      <td>47.5941</td>\n      <td>-122.299</td>\n      <td>1020</td>\n      <td>1357</td>\n    </tr>\n  </tbody>\n</table>\n<p>21613 rows × 19 columns</p>\n</div>"},"metadata":{}}]},{"metadata":{"trusted":true},"cell_type":"code","source":"#Checking of missing values\ndf.isnull().sum()","execution_count":77,"outputs":[{"output_type":"execute_result","execution_count":77,"data":{"text/plain":"price            0\nbedrooms         0\nbathrooms        0\nsqft_living      0\nsqft_lot         0\nfloors           0\nwaterfront       0\nview             0\ncondition        0\ngrade            0\nsqft_above       2\nsqft_basement    0\nyr_built         0\nyr_renovated     0\nzipcode          0\nlat              0\nlong             0\nsqft_living15    0\nsqft_lot15       0\ndtype: int64"},"metadata":{}}]},{"metadata":{"trusted":true},"cell_type":"code","source":"df = df.dropna(subset=[\"sqft_above\"])","execution_count":78,"outputs":[]},{"metadata":{"trusted":true},"cell_type":"code","source":"# Correlation Matrix\n\ncorr_matrix = df.corr()\ncorr_matrix","execution_count":79,"outputs":[{"output_type":"execute_result","execution_count":79,"data":{"text/plain":"                  price  bedrooms  bathrooms  sqft_living  sqft_lot    floors  \\\nprice          1.000000  0.308366   0.525150     0.702055  0.089661  0.256814   \nbedrooms       0.308366  1.000000   0.515974     0.576763  0.031710  0.175418   \nbathrooms      0.525150  0.515974   1.000000     0.754684  0.087730  0.500712   \nsqft_living    0.702055  0.576763   0.754684     1.000000  0.172841  0.354048   \nsqft_lot       0.089661  0.031710   0.087730     0.172841  1.000000 -0.005206   \nfloors         0.256814  0.175418   0.500712     0.354048 -0.005206  1.000000   \nwaterfront     0.266371 -0.006581   0.063743     0.103829  0.021602  0.023695   \nview           0.397299  0.079537   0.187735     0.284647  0.074705  0.029432   \ncondition      0.036379  0.028433  -0.124917    -0.058689 -0.008951 -0.263808   \ngrade          0.667434  0.356998   0.664981     0.762727  0.113617  0.458208   \nsqft_above     0.605567  0.477616   0.685363     0.876644  0.183511  0.523899   \nsqft_basement  0.323842  0.303251   0.283737     0.434925  0.015301 -0.245634   \nyr_built       0.054006  0.154248   0.505968     0.318066  0.053061  0.489361   \nyr_renovated   0.126436  0.018844   0.050733     0.055377  0.007640  0.006330   \nzipcode       -0.053182 -0.152717  -0.203825    -0.199342 -0.129583 -0.059181   \nlat            0.307010 -0.008950   0.024619     0.052530 -0.085673  0.049628   \nlong           0.021613  0.129516   0.222987     0.240187  0.229519  0.125446   \nsqft_living15  0.585377  0.391670   0.568626     0.756440  0.144605  0.279907   \nsqft_lot15     0.082448  0.029252   0.087163     0.183301  0.718556 -0.011275   \n\n               waterfront      view  condition     grade  sqft_above  \\\nprice            0.266371  0.397299   0.036379  0.667434    0.605567   \nbedrooms        -0.006581  0.079537   0.028433  0.356998    0.477616   \nbathrooms        0.063743  0.187735  -0.124917  0.664981    0.685363   \nsqft_living      0.103829  0.284647  -0.058689  0.762727    0.876644   \nsqft_lot         0.021602  0.074705  -0.008951  0.113617    0.183511   \nfloors           0.023695  0.029432  -0.263808  0.458208    0.523899   \nwaterfront       1.000000  0.401857   0.016655  0.082775    0.072074   \nview             0.401857  1.000000   0.045995  0.251320    0.167648   \ncondition        0.016655  0.045995   1.000000 -0.144647   -0.158206   \ngrade            0.082775  0.251320  -0.144647  1.000000    0.755924   \nsqft_above       0.072074  0.167648  -0.158206  0.755924    1.000000   \nsqft_basement    0.080618  0.277051   0.174273  0.168375   -0.051976   \nyr_built        -0.026172 -0.053474  -0.361384  0.446958    0.423915   \nyr_renovated     0.092883  0.103912  -0.060617  0.014412    0.023283   \nzipcode          0.030283  0.084819   0.002967 -0.184842   -0.261192   \nlat             -0.014270  0.006172  -0.014965  0.114102   -0.000810   \nlong            -0.041913 -0.078408  -0.106453  0.198349    0.343800   \nsqft_living15    0.086463  0.280440  -0.092795  0.713197    0.731871   \nsqft_lot15       0.030702  0.072569  -0.003397  0.119243    0.194048   \n\n               sqft_basement  yr_built  yr_renovated   zipcode       lat  \\\nprice               0.323842  0.054006      0.126436 -0.053182  0.307010   \nbedrooms            0.303251  0.154248      0.018844 -0.152717 -0.008950   \nbathrooms           0.283737  0.505968      0.050733 -0.203825  0.024619   \nsqft_living         0.434925  0.318066      0.055377 -0.199342  0.052530   \nsqft_lot            0.015301  0.053061      0.007640 -0.129583 -0.085673   \nfloors             -0.245634  0.489361      0.006330 -0.059181  0.049628   \nwaterfront          0.080618 -0.026172      0.092883  0.030283 -0.014270   \nview                0.277051 -0.053474      0.103912  0.084819  0.006172   \ncondition           0.174273 -0.361384     -0.060617  0.002967 -0.014965   \ngrade               0.168375  0.446958      0.014412 -0.184842  0.114102   \nsqft_above         -0.051976  0.423915      0.023283 -0.261192 -0.000810   \nsqft_basement       1.000000 -0.133195      0.071365  0.075076  0.110546   \nyr_built           -0.133195  1.000000     -0.224913 -0.346885 -0.148069   \nyr_renovated        0.071365 -0.224913      1.000000  0.064352  0.029408   \nzipcode             0.075076 -0.346885      0.064352  1.000000  0.267066   \nlat                 0.110546 -0.148069      0.029408  0.267066  1.000000   \nlong               -0.144904  0.409325     -0.068378 -0.564062 -0.135492   \nsqft_living15       0.200341  0.326214     -0.002675 -0.279016  0.048874   \nsqft_lot15          0.017292  0.070936      0.007849 -0.147230 -0.086408   \n\n                   long  sqft_living15  sqft_lot15  \nprice          0.021613       0.585377    0.082448  \nbedrooms       0.129516       0.391670    0.029252  \nbathrooms      0.222987       0.568626    0.087163  \nsqft_living    0.240187       0.756440    0.183301  \nsqft_lot       0.229519       0.144605    0.718556  \nfloors         0.125446       0.279907   -0.011275  \nwaterfront    -0.041913       0.086463    0.030702  \nview          -0.078408       0.280440    0.072569  \ncondition     -0.106453      -0.092795   -0.003397  \ngrade          0.198349       0.713197    0.119243  \nsqft_above     0.343800       0.731871    0.194048  \nsqft_basement -0.144904       0.200341    0.017292  \nyr_built       0.409325       0.326214    0.070936  \nyr_renovated  -0.068378      -0.002675    0.007849  \nzipcode       -0.564062      -0.279016   -0.147230  \nlat           -0.135492       0.048874   -0.086408  \nlong           1.000000       0.334586    0.254448  \nsqft_living15  0.334586       1.000000    0.183188  \nsqft_lot15     0.254448       0.183188    1.000000  ","text/html":"<div>\n<style scoped>\n    .dataframe tbody tr th:only-of-type {\n        vertical-align: middle;\n    }\n\n    .dataframe tbody tr th {\n        vertical-align: top;\n    }\n\n    .dataframe thead th {\n        text-align: right;\n    }\n</style>\n<table border=\"1\" class=\"dataframe\">\n  <thead>\n    <tr style=\"text-align: right;\">\n      <th></th>\n      <th>price</th>\n      <th>bedrooms</th>\n      <th>bathrooms</th>\n      <th>sqft_living</th>\n      <th>sqft_lot</th>\n      <th>floors</th>\n      <th>waterfront</th>\n      <th>view</th>\n      <th>condition</th>\n      <th>grade</th>\n      <th>sqft_above</th>\n      <th>sqft_basement</th>\n      <th>yr_built</th>\n      <th>yr_renovated</th>\n      <th>zipcode</th>\n      <th>lat</th>\n      <th>long</th>\n      <th>sqft_living15</th>\n      <th>sqft_lot15</th>\n    </tr>\n  </thead>\n  <tbody>\n    <tr>\n      <th>price</th>\n      <td>1.000000</td>\n      <td>0.308366</td>\n      <td>0.525150</td>\n      <td>0.702055</td>\n      <td>0.089661</td>\n      <td>0.256814</td>\n      <td>0.266371</td>\n      <td>0.397299</td>\n      <td>0.036379</td>\n      <td>0.667434</td>\n      <td>0.605567</td>\n      <td>0.323842</td>\n      <td>0.054006</td>\n      <td>0.126436</td>\n      <td>-0.053182</td>\n      <td>0.307010</td>\n      <td>0.021613</td>\n      <td>0.585377</td>\n      <td>0.082448</td>\n    </tr>\n    <tr>\n      <th>bedrooms</th>\n      <td>0.308366</td>\n      <td>1.000000</td>\n      <td>0.515974</td>\n      <td>0.576763</td>\n      <td>0.031710</td>\n      <td>0.175418</td>\n      <td>-0.006581</td>\n      <td>0.079537</td>\n      <td>0.028433</td>\n      <td>0.356998</td>\n      <td>0.477616</td>\n      <td>0.303251</td>\n      <td>0.154248</td>\n      <td>0.018844</td>\n      <td>-0.152717</td>\n      <td>-0.008950</td>\n      <td>0.129516</td>\n      <td>0.391670</td>\n      <td>0.029252</td>\n    </tr>\n    <tr>\n      <th>bathrooms</th>\n      <td>0.525150</td>\n      <td>0.515974</td>\n      <td>1.000000</td>\n      <td>0.754684</td>\n      <td>0.087730</td>\n      <td>0.500712</td>\n      <td>0.063743</td>\n      <td>0.187735</td>\n      <td>-0.124917</td>\n      <td>0.664981</td>\n      <td>0.685363</td>\n      <td>0.283737</td>\n      <td>0.505968</td>\n      <td>0.050733</td>\n      <td>-0.203825</td>\n      <td>0.024619</td>\n      <td>0.222987</td>\n      <td>0.568626</td>\n      <td>0.087163</td>\n    </tr>\n    <tr>\n      <th>sqft_living</th>\n      <td>0.702055</td>\n      <td>0.576763</td>\n      <td>0.754684</td>\n      <td>1.000000</td>\n      <td>0.172841</td>\n      <td>0.354048</td>\n      <td>0.103829</td>\n      <td>0.284647</td>\n      <td>-0.058689</td>\n      <td>0.762727</td>\n      <td>0.876644</td>\n      <td>0.434925</td>\n      <td>0.318066</td>\n      <td>0.055377</td>\n      <td>-0.199342</td>\n      <td>0.052530</td>\n      <td>0.240187</td>\n      <td>0.756440</td>\n      <td>0.183301</td>\n    </tr>\n    <tr>\n      <th>sqft_lot</th>\n      <td>0.089661</td>\n      <td>0.031710</td>\n      <td>0.087730</td>\n      <td>0.172841</td>\n      <td>1.000000</td>\n      <td>-0.005206</td>\n      <td>0.021602</td>\n      <td>0.074705</td>\n      <td>-0.008951</td>\n      <td>0.113617</td>\n      <td>0.183511</td>\n      <td>0.015301</td>\n      <td>0.053061</td>\n      <td>0.007640</td>\n      <td>-0.129583</td>\n      <td>-0.085673</td>\n      <td>0.229519</td>\n      <td>0.144605</td>\n      <td>0.718556</td>\n    </tr>\n    <tr>\n      <th>floors</th>\n      <td>0.256814</td>\n      <td>0.175418</td>\n      <td>0.500712</td>\n      <td>0.354048</td>\n      <td>-0.005206</td>\n      <td>1.000000</td>\n      <td>0.023695</td>\n      <td>0.029432</td>\n      <td>-0.263808</td>\n      <td>0.458208</td>\n      <td>0.523899</td>\n      <td>-0.245634</td>\n      <td>0.489361</td>\n      <td>0.006330</td>\n      <td>-0.059181</td>\n      <td>0.049628</td>\n      <td>0.125446</td>\n      <td>0.279907</td>\n      <td>-0.011275</td>\n    </tr>\n    <tr>\n      <th>waterfront</th>\n      <td>0.266371</td>\n      <td>-0.006581</td>\n      <td>0.063743</td>\n      <td>0.103829</td>\n      <td>0.021602</td>\n      <td>0.023695</td>\n      <td>1.000000</td>\n      <td>0.401857</td>\n      <td>0.016655</td>\n      <td>0.082775</td>\n      <td>0.072074</td>\n      <td>0.080618</td>\n      <td>-0.026172</td>\n      <td>0.092883</td>\n      <td>0.030283</td>\n      <td>-0.014270</td>\n      <td>-0.041913</td>\n      <td>0.086463</td>\n      <td>0.030702</td>\n    </tr>\n    <tr>\n      <th>view</th>\n      <td>0.397299</td>\n      <td>0.079537</td>\n      <td>0.187735</td>\n      <td>0.284647</td>\n      <td>0.074705</td>\n      <td>0.029432</td>\n      <td>0.401857</td>\n      <td>1.000000</td>\n      <td>0.045995</td>\n      <td>0.251320</td>\n      <td>0.167648</td>\n      <td>0.277051</td>\n      <td>-0.053474</td>\n      <td>0.103912</td>\n      <td>0.084819</td>\n      <td>0.006172</td>\n      <td>-0.078408</td>\n      <td>0.280440</td>\n      <td>0.072569</td>\n    </tr>\n    <tr>\n      <th>condition</th>\n      <td>0.036379</td>\n      <td>0.028433</td>\n      <td>-0.124917</td>\n      <td>-0.058689</td>\n      <td>-0.008951</td>\n      <td>-0.263808</td>\n      <td>0.016655</td>\n      <td>0.045995</td>\n      <td>1.000000</td>\n      <td>-0.144647</td>\n      <td>-0.158206</td>\n      <td>0.174273</td>\n      <td>-0.361384</td>\n      <td>-0.060617</td>\n      <td>0.002967</td>\n      <td>-0.014965</td>\n      <td>-0.106453</td>\n      <td>-0.092795</td>\n      <td>-0.003397</td>\n    </tr>\n    <tr>\n      <th>grade</th>\n      <td>0.667434</td>\n      <td>0.356998</td>\n      <td>0.664981</td>\n      <td>0.762727</td>\n      <td>0.113617</td>\n      <td>0.458208</td>\n      <td>0.082775</td>\n      <td>0.251320</td>\n      <td>-0.144647</td>\n      <td>1.000000</td>\n      <td>0.755924</td>\n      <td>0.168375</td>\n      <td>0.446958</td>\n      <td>0.014412</td>\n      <td>-0.184842</td>\n      <td>0.114102</td>\n      <td>0.198349</td>\n      <td>0.713197</td>\n      <td>0.119243</td>\n    </tr>\n    <tr>\n      <th>sqft_above</th>\n      <td>0.605567</td>\n      <td>0.477616</td>\n      <td>0.685363</td>\n      <td>0.876644</td>\n      <td>0.183511</td>\n      <td>0.523899</td>\n      <td>0.072074</td>\n      <td>0.167648</td>\n      <td>-0.158206</td>\n      <td>0.755924</td>\n      <td>1.000000</td>\n      <td>-0.051976</td>\n      <td>0.423915</td>\n      <td>0.023283</td>\n      <td>-0.261192</td>\n      <td>-0.000810</td>\n      <td>0.343800</td>\n      <td>0.731871</td>\n      <td>0.194048</td>\n    </tr>\n    <tr>\n      <th>sqft_basement</th>\n      <td>0.323842</td>\n      <td>0.303251</td>\n      <td>0.283737</td>\n      <td>0.434925</td>\n      <td>0.015301</td>\n      <td>-0.245634</td>\n      <td>0.080618</td>\n      <td>0.277051</td>\n      <td>0.174273</td>\n      <td>0.168375</td>\n      <td>-0.051976</td>\n      <td>1.000000</td>\n      <td>-0.133195</td>\n      <td>0.071365</td>\n      <td>0.075076</td>\n      <td>0.110546</td>\n      <td>-0.144904</td>\n      <td>0.200341</td>\n      <td>0.017292</td>\n    </tr>\n    <tr>\n      <th>yr_built</th>\n      <td>0.054006</td>\n      <td>0.154248</td>\n      <td>0.505968</td>\n      <td>0.318066</td>\n      <td>0.053061</td>\n      <td>0.489361</td>\n      <td>-0.026172</td>\n      <td>-0.053474</td>\n      <td>-0.361384</td>\n      <td>0.446958</td>\n      <td>0.423915</td>\n      <td>-0.133195</td>\n      <td>1.000000</td>\n      <td>-0.224913</td>\n      <td>-0.346885</td>\n      <td>-0.148069</td>\n      <td>0.409325</td>\n      <td>0.326214</td>\n      <td>0.070936</td>\n    </tr>\n    <tr>\n      <th>yr_renovated</th>\n      <td>0.126436</td>\n      <td>0.018844</td>\n      <td>0.050733</td>\n      <td>0.055377</td>\n      <td>0.007640</td>\n      <td>0.006330</td>\n      <td>0.092883</td>\n      <td>0.103912</td>\n      <td>-0.060617</td>\n      <td>0.014412</td>\n      <td>0.023283</td>\n      <td>0.071365</td>\n      <td>-0.224913</td>\n      <td>1.000000</td>\n      <td>0.064352</td>\n      <td>0.029408</td>\n      <td>-0.068378</td>\n      <td>-0.002675</td>\n      <td>0.007849</td>\n    </tr>\n    <tr>\n      <th>zipcode</th>\n      <td>-0.053182</td>\n      <td>-0.152717</td>\n      <td>-0.203825</td>\n      <td>-0.199342</td>\n      <td>-0.129583</td>\n      <td>-0.059181</td>\n      <td>0.030283</td>\n      <td>0.084819</td>\n      <td>0.002967</td>\n      <td>-0.184842</td>\n      <td>-0.261192</td>\n      <td>0.075076</td>\n      <td>-0.346885</td>\n      <td>0.064352</td>\n      <td>1.000000</td>\n      <td>0.267066</td>\n      <td>-0.564062</td>\n      <td>-0.279016</td>\n      <td>-0.147230</td>\n    </tr>\n    <tr>\n      <th>lat</th>\n      <td>0.307010</td>\n      <td>-0.008950</td>\n      <td>0.024619</td>\n      <td>0.052530</td>\n      <td>-0.085673</td>\n      <td>0.049628</td>\n      <td>-0.014270</td>\n      <td>0.006172</td>\n      <td>-0.014965</td>\n      <td>0.114102</td>\n      <td>-0.000810</td>\n      <td>0.110546</td>\n      <td>-0.148069</td>\n      <td>0.029408</td>\n      <td>0.267066</td>\n      <td>1.000000</td>\n      <td>-0.135492</td>\n      <td>0.048874</td>\n      <td>-0.086408</td>\n    </tr>\n    <tr>\n      <th>long</th>\n      <td>0.021613</td>\n      <td>0.129516</td>\n      <td>0.222987</td>\n      <td>0.240187</td>\n      <td>0.229519</td>\n      <td>0.125446</td>\n      <td>-0.041913</td>\n      <td>-0.078408</td>\n      <td>-0.106453</td>\n      <td>0.198349</td>\n      <td>0.343800</td>\n      <td>-0.144904</td>\n      <td>0.409325</td>\n      <td>-0.068378</td>\n      <td>-0.564062</td>\n      <td>-0.135492</td>\n      <td>1.000000</td>\n      <td>0.334586</td>\n      <td>0.254448</td>\n    </tr>\n    <tr>\n      <th>sqft_living15</th>\n      <td>0.585377</td>\n      <td>0.391670</td>\n      <td>0.568626</td>\n      <td>0.756440</td>\n      <td>0.144605</td>\n      <td>0.279907</td>\n      <td>0.086463</td>\n      <td>0.280440</td>\n      <td>-0.092795</td>\n      <td>0.713197</td>\n      <td>0.731871</td>\n      <td>0.200341</td>\n      <td>0.326214</td>\n      <td>-0.002675</td>\n      <td>-0.279016</td>\n      <td>0.048874</td>\n      <td>0.334586</td>\n      <td>1.000000</td>\n      <td>0.183188</td>\n    </tr>\n    <tr>\n      <th>sqft_lot15</th>\n      <td>0.082448</td>\n      <td>0.029252</td>\n      <td>0.087163</td>\n      <td>0.183301</td>\n      <td>0.718556</td>\n      <td>-0.011275</td>\n      <td>0.030702</td>\n      <td>0.072569</td>\n      <td>-0.003397</td>\n      <td>0.119243</td>\n      <td>0.194048</td>\n      <td>0.017292</td>\n      <td>0.070936</td>\n      <td>0.007849</td>\n      <td>-0.147230</td>\n      <td>-0.086408</td>\n      <td>0.254448</td>\n      <td>0.183188</td>\n      <td>1.000000</td>\n    </tr>\n  </tbody>\n</table>\n</div>"},"metadata":{}}]},{"metadata":{"trusted":true},"cell_type":"code","source":"# Feature Selection\n\n\nfrom sklearn.feature_selection import SelectKBest\nfrom sklearn.feature_selection import f_regression\nX = df.iloc[:,1:]  #independent columns\nY = df.iloc[:,0] #target column \n#apply SelectKBest class to extract top 10 best features\nbestfeatures = SelectKBest(score_func=f_regression, k=10)\nfit = bestfeatures.fit(X,Y)\ndfscores = pd.DataFrame(fit.scores_)\ndfcolumns = pd.DataFrame(X.columns)\n#concat two dataframes for better visualization \nfeatureScores = pd.concat([dfcolumns,dfscores],axis=1)\nfeatureScores.columns = ['Features','Score']  #naming the dataframe columns\nprint(featureScores.nlargest(10,'Score'))  #print 10 best features","execution_count":80,"outputs":[{"output_type":"stream","text":"         Features         Score\n2     sqft_living  21002.360772\n8           grade  17359.011804\n9      sqft_above  12512.889029\n16  sqft_living15  11264.733778\n1       bathrooms   8228.716198\n6            view   4050.218305\n10  sqft_basement   2531.734429\n0        bedrooms   2270.708755\n14            lat   2248.709114\n5      waterfront   1650.332397\n","name":"stdout"}]},{"metadata":{"trusted":true},"cell_type":"code","source":"x = df[[\"sqft_living\", \"grade\", \"sqft_above\", \"sqft_living15\", \"bathrooms\", \"view\", \"sqft_basement\", \"bedrooms\", \"lat\",\"waterfront\" ]]\ny = df[[\"price\"]]","execution_count":81,"outputs":[]},{"metadata":{"trusted":true},"cell_type":"code","source":"# Initialise the Scaler\nfrom sklearn.preprocessing import StandardScaler\nscaler = StandardScaler() \nx = scaler.fit_transform(x)","execution_count":82,"outputs":[]},{"metadata":{"trusted":true},"cell_type":"code","source":"# Splitting the Data set in training and test data\nfrom sklearn.model_selection import train_test_split\nx_train, x_test, y_train, y_test = train_test_split(x, y, test_size = 0.2, random_state=0)\nfrom sklearn.preprocessing import StandardScaler","execution_count":83,"outputs":[]},{"metadata":{"trusted":true},"cell_type":"code","source":"#MULTIPLE LINEAR REGRESSION","execution_count":84,"outputs":[]},{"metadata":{"trusted":true},"cell_type":"code","source":"# Fitting multiple linear regression to the training set \nfrom sklearn.linear_model import LinearRegression\n\nregressor = LinearRegression()\nregressor.fit(x_train, y_train)\n\ny_pred = regressor.predict(x_test)\n#R-Square value\nfrom sklearn.metrics import r2_score    \ncoefficient_of_dermination = r2_score(y_test, y_pred)\nprint(\"Score: {}\".format(coefficient_of_dermination))","execution_count":85,"outputs":[{"output_type":"stream","text":"Score: 0.6486563096296043\n","name":"stdout"}]},{"metadata":{"trusted":true},"cell_type":"code","source":"print(regressor.intercept_)\nprint(regressor.coef_)","execution_count":86,"outputs":[{"output_type":"stream","text":"[539540.28296384]\n[[ 92832.353214    93394.56391284  77130.94915986   2764.01728575\n  -12597.60822722  49599.433186    48329.06943799 -2230